400.101593 263.074554
419.978577 263.745361
439.770569 264.291534
459.571930 264.859650
479.617004 265.281708
499.586365 265.791382
400.926361 244.007492
420.718414 244.598511
440.383942 245.124313
460.139923 245.648682
480.040375 246.054428
500.013672 246.607574
401.758484 224.953934
421.442963 225.402359
441.059418 225.897751
460.820770 226.352478
480.576263 226.798782
500.446533 227.144424
402.541016 206.117859
422.118774 206.576431
441.712921 206.891754
461.326355 207.250626
481.013916 207.717316
500.975891 208.079895
403.215424 186.993103
422.847992 187.246017
442.255005 187.692688
461.941986 188.067169
481.573730 188.601807
501.375549 189.010712
403.906952 168.035355
423.422943 168.312469
442.874298 168.629379
462.464813 168.970993
482.071533 169.401260
501.843079 169.928711
404.724457 149.272125
424.121887 149.664383
443.472137 149.893967
463.068298 150.073792
482.632202 150.421448
502.336426 150.924362
405.420197 130.652176
424.887268 130.999344
444.157349 131.184601
463.687103 131.187286
483.193512 131.352570
502.876526 131.800064
406.301758 112.388214
425.625977 112.643684
444.882690 112.841827
464.208496 112.715584
483.714813 112.689735
503.286346 113.063934
