509.176788 268.000946
512.173584 246.009796
515.144592 224.943375
517.970520 204.158829
520.670532 183.755356
523.228638 164.018219
482.376190 266.613892
485.838196 244.767059
489.189728 223.728943
492.334503 203.141174
495.407745 182.992371
498.418213 163.609161
455.968842 265.302063
459.791656 243.566025
463.586700 222.493179
467.115356 202.142548
470.575256 182.273758
473.927155 162.916260
430.009003 263.858307
434.234283 242.094589
438.292023 221.145035
442.200928 200.847794
446.069427 181.115768
449.820251 161.960388
404.210846 261.664063
408.874115 239.930450
413.279938 219.041489
417.649109 198.977112
421.896179 179.616837
425.926849 160.674042
378.775330 259.060028
383.753265 237.410995
388.482910 216.652039
393.241638 196.679520
397.834106 177.555496
402.298309 158.925323
353.678925 256.754303
359.042297 235.487274
364.222382 214.736969
369.229401 194.697723
374.127319 175.516785
378.946320 157.016235
329.005890 255.068878
334.743774 233.904022
340.274597 213.404510
345.452942 193.153015
350.585876 173.637665
355.740479 155.207870
304.813690 253.548141
310.825287 232.602997
316.713379 212.046814
322.023010 191.740906
327.386963 172.059586
332.913330 153.860168
