404.568390 296.204071
428.550110 297.320618
452.462311 298.564636
476.620209 299.338745
500.877014 299.942810
525.130737 300.613007
406.188568 278.569946
429.661499 279.437439
453.201538 280.411682
476.838196 281.171906
500.610382 281.848328
524.448303 282.557312
407.768829 261.383850
430.832123 262.151123
453.940857 263.001526
477.164429 263.775726
500.440704 264.353027
523.922119 264.860748
409.234711 244.738602
431.841705 245.301727
454.641907 245.880005
477.343475 246.611969
500.256317 247.111954
523.299622 247.724655
410.692444 227.697708
432.934174 228.051926
455.214630 228.634293
477.753723 229.307129
500.077026 230.118179
522.794006 230.834091
411.972504 211.166367
434.000336 211.368286
455.888672 211.836838
477.983032 212.366196
500.045135 213.236145
522.333618 214.113342
413.313293 195.328644
434.987213 195.968842
456.548523 196.267853
478.194366 196.376190
500.015167 196.997452
521.986572 197.882568
414.691528 180.573807
435.990936 181.077316
457.143494 181.430008
478.594849 181.121994
500.022644 181.274719
521.553223 182.051926
415.962036 166.583267
436.928345 166.837357
457.836426 167.064545
478.773010 166.609436
500.013641 166.328720
521.167419 167.083984
