626.661072 289.728149
621.688721 265.750519
616.937561 243.020630
612.715576 220.716110
608.636963 198.835846
604.741821 177.966019
597.227783 289.373810
592.911682 265.253754
588.878418 242.348572
585.082153 220.125381
581.493835 198.366150
578.075745 177.707611
567.672607 289.115631
564.023560 264.863190
560.646484 241.714203
557.422974 219.564957
554.268677 197.921188
551.350098 177.063248
538.159180 288.414093
535.264404 264.090302
532.557434 240.757507
529.854614 218.548889
527.244446 196.890610
524.863159 176.101852
509.020325 286.996399
506.789581 262.344727
504.633820 238.959290
502.447968 216.786697
500.301849 195.389511
498.312469 174.755798
479.849609 285.173096
478.161621 260.528839
476.623413 237.013351
475.027557 214.692764
473.371613 193.392761
471.889618 172.994888
450.302521 283.727295
449.206848 259.486786
448.239990 235.736649
447.336090 212.929123
446.339691 191.526825
445.283722 171.003998
420.457703 282.959045
419.993347 258.608673
419.605103 234.951981
419.232422 211.686142
418.881927 189.714020
418.420959 169.097656
390.602997 282.172363
390.694946 257.761108
390.915192 233.988571
391.135986 210.401703
391.319336 188.100540
391.414703 167.625931
