599.325317 186.617737
590.116150 186.124405
580.814819 185.790314
571.351318 185.252426
561.910400 184.886795
552.400513 184.442810
542.861084 184.089340
533.135742 183.688416
523.377686 183.162186
513.771851 182.830170
503.861664 182.374878
599.203491 196.663284
589.977661 196.277328
580.787231 195.847778
571.244507 195.448669
561.852417 195.007721
552.249329 194.650208
542.662415 194.185760
533.004944 193.855881
523.254089 193.548721
513.578125 193.088058
503.601593 192.752243
599.076782 206.651215
589.860291 206.247223
580.666626 205.906921
571.107300 205.547058
561.728882 205.180023
552.126770 204.810165
542.558228 204.390305
532.829956 204.060837
523.046997 203.637756
513.238892 203.296326
503.383606 202.988358
598.962036 216.746323
589.753723 216.323456
580.392944 215.970413
570.968262 215.639572
561.518250 215.276871
551.983765 214.936707
542.348816 214.619858
532.806763 214.258026
522.914978 213.958328
513.089172 213.615021
503.212250 213.175018
598.786926 226.700470
589.639465 226.376480
580.284485 226.046982
570.799316 225.805542
561.345398 225.393082
551.731445 225.086563
542.199463 224.782059
532.607422 224.488907
522.766846 224.157211
512.966553 223.864624
503.012848 223.553284
598.669128 236.772385
589.369141 236.410828
580.067078 236.155121
570.615417 235.839386
561.317383 235.611771
551.646729 235.272995
541.997070 234.956757
532.330017 234.656174
522.655823 234.366608
512.784363 234.100800
502.814026 233.861877
598.424622 246.827484
589.282959 246.505569
579.948730 246.238541
570.332397 245.952774
561.079712 245.802460
551.490112 245.435547
541.907166 245.180298
531.987427 244.922714
522.298279 244.679123
512.548645 244.376816
502.722717 244.075668
598.281067 256.870087
589.016724 256.648346
579.818176 256.319183
570.198669 256.119415
560.795044 255.910645
551.266235 255.725250
541.675842 255.403839
531.928894 255.135025
522.080139 254.904388
512.268433 254.713501
502.487000 254.402924
598.219299 266.850677
588.754700 266.660126
579.681580 266.534088
570.080139 266.183990
560.632324 266.051758
551.138062 265.851410
541.283875 265.633362
531.741333 265.435913
522.013489 265.177551
512.013672 264.880280
502.220093 264.763397
597.967590 277.041992
588.544250 276.825134
579.436829 276.588165
569.841064 276.334198
560.350647 276.153320
551.005066 276.010773
540.963013 275.894440
531.566956 275.622528
521.745422 275.355072
511.730103 275.171143
502.017944 274.996948
597.813416 287.039307
588.272949 286.833344
579.226990 286.691040
569.588745 286.500305
560.114929 286.341736
550.702698 286.245087
540.881592 286.036499
531.376404 285.882568
521.511719 285.702942
511.454224 285.491211
501.866028 285.268738
597.429382 297.102936
587.998047 297.021332
579.019775 296.881714
569.272827 296.713593
559.845581 296.535736
550.277954 296.466248
540.690186 296.281189
531.317627 296.110809
521.166321 295.990143
511.247375 295.753357
501.566833 295.615021
597.045715 307.177063
587.777100 307.041595
578.841125 306.961151
569.001343 306.860687
559.743408 306.818939
550.194946 306.663391
540.483398 306.540680
531.055420 306.385590
520.995239 306.396606
511.110809 306.081299
501.344086 306.035797
596.718567 317.235565
587.524841 317.141785
578.283813 317.059692
568.745483 316.976654
559.305847 316.942841
550.007996 316.895569
540.203369 316.792877
530.658142 316.725586
520.772095 316.548615
511.191315 316.296570
501.280487 316.342377
