428.182434 290.993530
429.452209 303.241241
430.835327 315.645905
432.025818 328.252960
433.356873 341.112030
434.860748 353.996582
436.196594 367.080109
437.726715 380.232452
439.063721 393.671478
440.463959 407.181244
441.819946 420.850739
440.065918 290.872955
441.313660 303.079468
442.761139 315.403168
444.148712 328.067322
445.668427 340.832397
447.028503 353.726074
448.553192 366.701813
449.983154 379.797211
451.571869 393.082306
452.902771 406.644196
454.340149 420.118530
451.872467 290.766388
453.302429 302.903625
454.651581 315.276672
456.133759 327.868683
457.619049 340.555695
459.180695 353.305481
460.686279 366.268646
462.219391 379.331665
463.717712 392.651794
465.217865 406.002350
466.707977 419.489380
463.681946 290.728363
465.003693 302.794617
466.571869 315.080261
468.047272 327.654083
469.644257 340.245544
471.122406 353.006744
472.765076 365.922913
474.302887 378.945190
475.901245 392.046936
477.318298 405.394989
479.003052 418.840302
475.151428 290.603821
476.660675 302.631012
478.217743 314.890320
479.857880 327.386444
481.354767 340.029572
483.113708 352.720245
484.645599 365.439270
486.243469 378.348083
487.890381 391.596771
489.488647 404.837341
491.009125 418.099243
486.838257 290.456390
488.269165 302.498413
489.937012 314.725922
491.438538 327.137756
493.296692 339.775299
494.869232 352.276886
496.487457 365.075775
498.148712 377.900024
499.829681 390.982880
501.333282 404.149170
502.993835 417.303223
498.184021 290.374786
499.818604 302.314392
501.355804 314.538025
503.180389 326.926270
504.849518 339.351440
506.577515 351.894806
508.186005 364.671967
509.879791 377.351135
511.550690 390.383606
513.276550 403.504395
514.829651 416.654846
509.650330 290.235474
511.118286 302.176514
512.974243 314.254181
514.619507 326.641357
516.297607 339.068970
518.000488 351.582825
519.852356 364.182159
521.491760 376.865692
523.313171 389.848663
524.919983 402.774689
526.573608 415.861786
520.888062 290.036163
522.440613 302.008942
524.174866 314.017151
525.972107 326.357361
527.705811 338.728149
529.595764 351.176086
531.173218 363.742126
532.974365 376.319946
534.710083 389.223602
536.331360 402.111145
538.019409 415.072083
532.032166 289.962616
533.572998 301.832733
535.483948 313.868561
537.116821 326.062103
538.926270 338.328430
540.777649 350.735931
542.355957 363.183014
544.218933 375.803375
546.014587 388.589264
547.689087 401.350067
549.567017 414.194275
542.967224 289.884979
544.645325 301.687805
546.580994 313.544952
548.176880 325.774902
549.992554 337.999512
551.916748 350.264832
553.653137 362.713867
555.575623 375.195404
557.176758 387.884583
559.009583 400.727142
560.785339 413.439240
553.857117 289.748169
555.429504 301.433655
557.389832 313.258362
559.091553 325.461304
560.950500 337.684875
562.891785 349.869629
564.621887 362.135986
566.584045 374.654205
568.310425 387.224426
570.049622 399.934296
571.995483 412.811096
564.395935 289.600342
566.164246 301.249420
568.098389 313.056488
569.900208 325.111481
571.783447 337.250336
573.696350 349.311859
575.525879 361.718994
577.466614 374.060028
579.241272 386.637634
581.133240 399.241577
583.025391 411.997375
574.903992 289.440155
576.799255 301.071075
578.755920 312.832703
580.567078 324.817993
582.370483 336.903381
584.273926 348.929565
586.228455 361.193054
588.185791 373.497375
590.119507 385.978455
592.069702 398.594238
594.055176 411.177338
