0.000000 0.000000 0.000000
17.197901 0.000000 0.000000
34.395802 0.000000 0.000000
51.593704 0.000000 0.000000
68.791603 0.000000 0.000000
85.989502 0.000000 0.000000
103.187408 0.000000 0.000000
120.385307 0.000000 0.000000
137.583206 0.000000 0.000000
154.781113 0.000000 0.000000
171.979004 0.000000 0.000000
0.000000 17.197901 0.000000
17.197901 17.197901 0.000000
34.395802 17.197901 0.000000
51.593704 17.197901 0.000000
68.791603 17.197901 0.000000
85.989502 17.197901 0.000000
103.187408 17.197901 0.000000
120.385307 17.197901 0.000000
137.583206 17.197901 0.000000
154.781113 17.197901 0.000000
171.979004 17.197901 0.000000
0.000000 34.395802 0.000000
17.197901 34.395802 0.000000
34.395802 34.395802 0.000000
51.593704 34.395802 0.000000
68.791603 34.395802 0.000000
85.989502 34.395802 0.000000
103.187408 34.395802 0.000000
120.385307 34.395802 0.000000
137.583206 34.395802 0.000000
154.781113 34.395802 0.000000
171.979004 34.395802 0.000000
0.000000 51.593704 0.000000
17.197901 51.593704 0.000000
34.395802 51.593704 0.000000
51.593704 51.593704 0.000000
68.791603 51.593704 0.000000
85.989502 51.593704 0.000000
103.187408 51.593704 0.000000
120.385307 51.593704 0.000000
137.583206 51.593704 0.000000
154.781113 51.593704 0.000000
171.979004 51.593704 0.000000
0.000000 68.791603 0.000000
17.197901 68.791603 0.000000
34.395802 68.791603 0.000000
51.593704 68.791603 0.000000
68.791603 68.791603 0.000000
85.989502 68.791603 0.000000
103.187408 68.791603 0.000000
120.385307 68.791603 0.000000
137.583206 68.791603 0.000000
154.781113 68.791603 0.000000
171.979004 68.791603 0.000000
0.000000 85.989502 0.000000
17.197901 85.989502 0.000000
34.395802 85.989502 0.000000
51.593704 85.989502 0.000000
68.791603 85.989502 0.000000
85.989502 85.989502 0.000000
103.187408 85.989502 0.000000
120.385307 85.989502 0.000000
137.583206 85.989502 0.000000
154.781113 85.989502 0.000000
171.979004 85.989502 0.000000
0.000000 103.187408 0.000000
17.197901 103.187408 0.000000
34.395802 103.187408 0.000000
51.593704 103.187408 0.000000
68.791603 103.187408 0.000000
85.989502 103.187408 0.000000
103.187408 103.187408 0.000000
120.385307 103.187408 0.000000
137.583206 103.187408 0.000000
154.781113 103.187408 0.000000
171.979004 103.187408 0.000000
0.000000 120.385307 0.000000
17.197901 120.385307 0.000000
34.395802 120.385307 0.000000
51.593704 120.385307 0.000000
68.791603 120.385307 0.000000
85.989502 120.385307 0.000000
103.187408 120.385307 0.000000
120.385307 120.385307 0.000000
137.583206 120.385307 0.000000
154.781113 120.385307 0.000000
171.979004 120.385307 0.000000
0.000000 137.583206 0.000000
17.197901 137.583206 0.000000
34.395802 137.583206 0.000000
51.593704 137.583206 0.000000
68.791603 137.583206 0.000000
85.989502 137.583206 0.000000
103.187408 137.583206 0.000000
120.385307 137.583206 0.000000
137.583206 137.583206 0.000000
154.781113 137.583206 0.000000
171.979004 137.583206 0.000000
0.000000 154.781113 0.000000
17.197901 154.781113 0.000000
34.395802 154.781113 0.000000
51.593704 154.781113 0.000000
68.791603 154.781113 0.000000
85.989502 154.781113 0.000000
103.187408 154.781113 0.000000
120.385307 154.781113 0.000000
137.583206 154.781113 0.000000
154.781113 154.781113 0.000000
171.979004 154.781113 0.000000
0.000000 171.979004 0.000000
17.197901 171.979004 0.000000
34.395802 171.979004 0.000000
51.593704 171.979004 0.000000
68.791603 171.979004 0.000000
85.989502 171.979004 0.000000
103.187408 171.979004 0.000000
120.385307 171.979004 0.000000
137.583206 171.979004 0.000000
154.781113 171.979004 0.000000
171.979004 171.979004 0.000000
0.000000 189.176910 0.000000
17.197901 189.176910 0.000000
34.395802 189.176910 0.000000
51.593704 189.176910 0.000000
68.791603 189.176910 0.000000
85.989502 189.176910 0.000000
103.187408 189.176910 0.000000
120.385307 189.176910 0.000000
137.583206 189.176910 0.000000
154.781113 189.176910 0.000000
171.979004 189.176910 0.000000
0.000000 206.374817 0.000000
17.197901 206.374817 0.000000
34.395802 206.374817 0.000000
51.593704 206.374817 0.000000
68.791603 206.374817 0.000000
85.989502 206.374817 0.000000
103.187408 206.374817 0.000000
120.385307 206.374817 0.000000
137.583206 206.374817 0.000000
154.781113 206.374817 0.000000
171.979004 206.374817 0.000000
0.000000 223.572708 0.000000
17.197901 223.572708 0.000000
34.395802 223.572708 0.000000
51.593704 223.572708 0.000000
68.791603 223.572708 0.000000
85.989502 223.572708 0.000000
103.187408 223.572708 0.000000
120.385307 223.572708 0.000000
137.583206 223.572708 0.000000
154.781113 223.572708 0.000000
171.979004 223.572708 0.000000
