662.527649 277.392822
651.208008 278.057495
639.994751 278.926453
628.810913 279.557037
617.632874 280.356598
606.501648 281.085663
595.454590 281.852356
584.328796 282.576538
573.354553 283.209045
562.637817 283.938385
551.735779 284.512756
662.577515 288.241180
651.270874 288.977600
640.181396 289.653625
628.791992 290.384247
617.743225 291.072266
606.461243 291.826813
595.371704 292.460236
584.323181 293.224426
573.345276 294.007690
562.630127 294.500549
551.593079 295.172485
662.651123 298.973969
651.334961 299.677460
640.254700 300.405762
628.840759 301.171173
617.697815 301.839508
606.643982 302.548004
595.440063 303.118835
584.221558 303.738831
573.391052 304.406982
562.403503 305.101135
551.585327 305.774323
662.724060 309.958282
651.475037 310.498749
640.109558 311.262329
628.903931 311.888580
617.701233 312.619843
606.655518 313.237946
595.494507 313.892334
584.580872 314.449036
573.408020 315.150055
562.527039 315.749908
551.609863 316.313965
662.714417 320.731476
651.610413 321.361176
640.209167 322.044037
628.829712 322.824188
617.802185 323.314178
606.579285 323.904785
595.541382 324.577301
584.601196 325.191528
573.524170 325.800751
562.652710 326.481079
551.582153 327.016846
662.947266 331.635925
651.623718 332.183899
640.068115 332.948212
628.968872 333.474304
618.009521 334.154633
606.686951 334.724274
595.522339 335.300598
584.464539 335.889099
573.627502 336.485016
562.574219 337.013855
551.559753 337.686066
662.961304 342.541901
651.709473 343.065552
640.398254 343.608124
628.854797 344.266602
617.930725 344.977081
606.724060 345.491089
595.688660 346.020477
584.387817 346.639191
573.426819 347.225891
562.519409 347.783875
551.678528 348.289886
663.103821 353.413666
651.770020 354.017303
640.610107 354.442963
628.977173 355.072418
617.892944 355.694519
606.686523 356.300171
595.622620 356.739410
584.467224 357.315277
573.478149 357.892578
562.397644 358.503662
551.574585 359.059418
663.349792 364.207733
651.525757 364.753967
640.696350 365.472809
629.152222 365.844666
617.917786 366.498840
607.004150 367.121643
595.433777 367.581268
584.557495 368.237579
573.335449 368.761688
562.330017 369.210052
551.492737 369.767731
663.414307 375.315979
651.802124 375.818176
640.690002 376.334961
629.191162 376.800720
617.920959 377.322632
606.977905 377.833130
595.292358 378.541901
584.536865 378.929657
573.433777 379.393219
562.252930 379.903320
551.483215 380.478424
663.574036 386.245239
651.795593 386.709717
640.722168 387.280426
629.175232 387.738190
617.986084 388.215942
606.951172 388.745850
595.555115 389.260590
584.563171 389.759888
573.389099 390.258148
562.150024 390.746307
551.523682 391.150055
663.488708 397.282990
651.770691 397.775787
640.882935 398.251709
629.168945 398.701416
618.074036 399.120087
606.759949 399.728851
595.593750 400.107422
584.747437 400.555389
573.309692 401.091949
562.155151 401.456818
551.438721 401.957153
663.432190 408.352417
651.985779 408.717499
641.049072 409.143982
629.326599 409.565552
618.234985 410.170105
606.968079 410.610962
595.564453 411.048676
584.656921 411.423523
573.282471 412.028656
562.310608 412.215881
551.424316 412.859619
663.500610 419.436066
652.143982 419.778198
640.818237 420.152893
629.333923 420.617126
618.076355 421.068329
607.073425 421.581909
595.582275 421.977203
584.610596 422.415558
573.365906 422.733185
562.578857 423.006409
551.564697 423.641174
