252.362732 364.952789
253.258865 353.438324
254.249222 341.950134
255.036758 330.317444
256.114777 318.781830
257.000732 307.278381
257.912384 295.830444
258.911194 284.382538
259.814911 272.981201
260.772522 261.570160
261.605713 250.239716
240.373886 364.365570
241.164505 352.837036
242.255005 341.299408
243.234909 329.792786
244.215714 318.142792
245.182999 306.708801
246.087708 295.254425
247.077133 283.841766
247.896530 272.409760
248.856934 261.104401
249.762177 249.777557
228.369141 363.999847
229.233994 352.242645
230.294708 340.708221
231.335785 329.178070
232.412994 317.611084
233.298752 306.135223
234.240784 294.696960
235.126068 283.337616
236.185028 271.914032
237.015884 260.602936
238.033707 249.230942
216.312256 363.208496
217.398071 351.731445
218.466553 340.238037
219.527954 328.688141
220.413681 317.085388
221.432816 305.604858
222.372925 294.176880
223.392868 282.768982
224.328583 271.343231
225.334808 259.999542
226.165466 248.714859
204.502792 362.728729
205.647018 351.323242
206.574539 339.809113
207.561722 328.101349
208.542084 316.652374
209.550507 305.150299
210.585419 293.569000
211.484940 282.262512
212.537033 270.913269
213.471024 259.419189
214.555588 248.203217
192.656189 362.015472
193.582474 350.853455
194.731216 339.182983
195.754257 327.700653
196.658646 315.922943
197.760818 304.547211
198.767990 293.043274
199.759995 281.679321
200.781143 270.358490
201.739075 258.918030
202.779556 247.653015
180.789078 361.603516
181.840897 350.059204
182.870804 338.631744
183.801636 326.970337
184.955963 315.349609
185.936874 304.005859
186.973846 292.494507
187.949142 281.237152
188.964691 269.785828
190.010437 258.418365
190.991226 247.160904
169.130142 360.762054
170.006378 349.596741
171.103851 338.165405
171.992706 326.489288
173.086838 314.866364
174.173279 303.449738
175.230362 291.992767
176.163834 280.656219
177.259018 269.203339
178.178207 257.936279
179.280640 246.658676
157.048904 360.198608
158.116943 349.026123
159.220459 337.377838
160.184021 325.815094
161.298019 314.418701
162.437698 302.828552
163.494415 291.416962
164.578827 280.043915
165.554276 268.668213
166.639053 257.400940
167.573471 246.212769
145.212830 359.723022
146.217056 348.427826
147.410568 336.684143
148.427963 325.316132
149.562576 313.837616
150.636032 302.339661
151.684845 290.986176
152.860779 279.492584
153.873672 268.164581
154.921982 256.850128
155.905014 245.611313
133.358139 359.147003
134.410492 347.752563
135.548767 336.133026
136.698364 324.779877
137.835312 313.262482
138.917389 301.742157
139.871140 290.451935
141.036804 278.967560
142.019272 267.736847
143.168854 256.438110
144.205124 245.167831
121.586517 358.621246
122.672974 347.250854
123.890678 335.631989
124.989365 324.267487
126.097710 312.762604
127.152939 301.295197
128.249466 289.900848
129.319977 278.536102
130.502213 267.235291
131.544327 255.934250
132.575729 244.646194
109.821129 358.169922
110.882759 346.700958
112.026451 335.188843
113.214050 323.625824
114.341080 312.189880
115.460327 300.710632
116.628853 289.416077
117.713623 277.963013
118.703629 266.697601
119.882904 255.404846
120.918053 244.150452
97.947853 357.618439
99.176720 346.171783
100.318382 334.638550
101.428520 323.122192
102.639282 311.736755
103.845764 300.278931
104.914024 288.867371
106.041405 277.591217
107.117996 266.138123
108.108238 254.882629
109.245026 243.580475
