265.455872 396.861115
266.188416 407.027344
266.885498 417.187775
267.507050 427.386566
268.106049 437.718170
268.798615 447.956177
269.402588 458.398285
270.086945 468.603577
270.754791 478.939575
271.489471 489.257538
272.082733 499.670990
275.985504 396.530304
276.602783 406.778564
277.278656 416.928131
278.067352 427.165100
278.700256 437.362732
279.403534 447.688782
279.925018 457.879944
280.623810 468.190857
281.353821 478.448486
281.915100 488.956421
282.698120 499.223083
286.478271 396.272949
287.039307 406.463776
287.647400 416.698090
288.430511 426.915009
289.108337 437.185272
289.858765 447.347717
290.520111 457.677521
291.072449 467.851990
291.767853 478.231293
292.532349 488.545990
293.263245 498.930389
296.984070 396.072540
297.546661 406.195923
298.198547 416.337860
298.898987 426.551056
299.561523 436.732758
300.191864 447.026276
300.921997 457.205536
301.572327 467.505402
302.368378 477.768066
303.116119 488.136169
303.788849 498.452942
307.177643 395.735046
307.908173 405.865082
308.592285 416.008362
309.136749 426.272034
309.942383 436.529724
310.655731 446.660736
311.425079 456.972534
312.139801 467.102509
312.905426 477.401978
313.592102 487.774353
314.186615 498.127136
317.631104 395.501373
318.168976 405.656158
318.853729 415.738098
319.689026 425.912903
320.435608 436.227783
321.114227 446.331879
321.854065 456.574219
322.569031 466.801605
323.387024 477.112213
324.023712 487.341827
324.761139 497.612518
327.895477 395.351685
328.605469 405.363617
329.195221 415.422943
329.985352 425.692322
330.808167 435.945129
331.451263 446.000549
332.365173 456.363159
333.002319 466.354095
333.738312 476.836121
334.372437 486.961029
335.091095 497.264984
338.255371 395.129089
338.891663 405.051941
339.638184 415.183472
340.251770 425.420746
341.130157 435.607849
341.796661 445.803711
342.538788 455.923737
343.329651 466.142883
344.056641 476.313873
344.656738 486.599243
345.579865 496.914612
348.522583 394.949554
349.142792 404.821014
349.881134 414.918182
350.641022 425.099731
351.347870 435.248077
352.111908 445.481995
352.808350 455.639709
353.599152 465.719696
354.426208 476.030243
355.037048 486.219269
355.905396 496.568756
358.739563 394.615479
359.312988 404.578217
360.223358 414.638977
360.804291 424.814362
361.636993 434.910370
362.488708 445.074982
363.119232 455.256561
364.017822 465.416016
364.579803 475.538574
365.425476 485.916229
366.303375 496.110992
368.909027 394.380615
369.513031 404.405365
370.393951 414.419403
371.040649 424.569763
371.968689 434.638672
372.651337 444.792786
373.361450 454.881500
374.271759 465.062164
374.944366 475.276154
375.806091 485.467316
376.622162 495.699493
379.010834 394.213593
379.653107 404.182678
380.550323 414.186646
381.296143 424.336609
381.993744 434.354645
382.894928 444.524933
383.779816 454.529694
384.584229 464.693146
385.284271 474.811310
386.025085 485.200073
386.871155 495.386688
389.098358 393.869568
389.860443 403.925903
390.718597 414.000732
391.492371 424.100708
392.217682 434.099457
393.089722 444.178101
393.823822 454.292145
394.765808 464.435150
395.518616 474.600983
396.341644 484.741852
397.156952 495.000183
399.268463 393.696777
399.949738 403.698242
400.843201 413.708496
401.556580 423.800049
402.405334 433.874817
403.256500 443.899994
403.973877 454.016479
404.874084 464.125519
405.729462 474.287689
406.505585 484.463440
407.409760 494.619415
