249.923874 297.912384
249.650909 282.868256
249.486557 267.680359
249.266357 252.321732
249.070892 237.036697
248.670029 221.870529
248.434860 206.555893
248.082779 191.424744
247.778915 176.196655
247.451065 160.890869
247.124786 145.672073
237.275024 299.426575
237.163330 284.365234
236.898270 269.305603
236.685791 254.103149
236.372803 238.869400
236.145737 223.734268
235.791214 208.570724
235.447540 193.466934
235.111343 178.262589
234.889511 163.076599
234.518967 147.956436
224.980515 300.856476
224.729813 285.903046
224.534821 270.903992
224.268997 255.741791
224.010635 240.681793
223.690231 225.613403
223.391907 210.520233
223.029251 195.473724
222.775436 180.419342
222.449417 165.272369
222.155457 150.232971
212.734573 302.322266
212.469070 287.473694
212.287781 272.507141
212.046097 257.412231
211.743408 242.432205
211.516388 227.497742
211.142471 212.446075
210.822601 197.486404
210.485703 182.465851
210.195587 167.423187
209.858536 152.493896
200.612427 303.782562
200.406403 288.882751
200.207947 274.143036
199.951126 259.130219
199.660019 244.206482
199.356201 229.322571
199.074188 214.348648
198.730286 199.476242
198.395996 184.593384
198.016663 169.577682
197.780212 154.728195
188.648010 305.094940
188.437515 290.428833
188.232101 275.659393
187.966751 260.831818
187.648193 245.916656
187.442932 231.116119
187.008865 216.287369
186.805054 201.489639
186.354416 186.579834
186.033356 171.721436
185.714035 156.884232
176.818314 306.542267
176.697464 291.896149
176.414841 277.200012
176.078445 262.379211
175.839890 247.633102
175.556244 232.876801
175.260040 218.179138
174.908447 203.440033
174.572266 188.686569
174.153961 173.777267
173.906967 159.114853
165.100540 307.936127
164.952362 293.436707
164.718704 278.692261
164.420425 264.024994
164.071457 249.282730
163.898895 234.704407
163.462189 219.955185
163.251007 205.323212
162.782242 190.649231
162.494171 175.915573
162.167404 161.290802
153.542236 309.366608
153.417984 294.734894
153.128311 280.396759
152.800217 265.535706
152.570938 251.061371
152.217850 236.412796
152.002853 221.921799
151.584198 207.228119
151.244553 192.662842
150.815216 177.954987
150.531815 163.466309
141.845444 310.637390
141.958405 296.207886
141.541580 281.733276
141.411133 267.212036
141.169891 252.656128
140.722824 238.149643
140.497665 223.644150
140.071732 209.196426
139.704422 194.587097
139.474075 180.022659
139.093765 165.512360
130.747345 312.043030
130.678696 297.656952
130.277267 283.335968
130.071198 268.715759
129.830078 254.335526
129.368851 239.862579
129.174072 225.507980
128.671768 211.012207
128.458755 196.655914
128.007462 182.105087
127.798645 167.697678
119.487816 313.275146
119.385475 299.135193
118.948616 284.690308
118.864311 270.312256
118.535423 255.899918
118.209465 241.572601
117.980141 227.223862
117.516411 212.918076
117.246941 198.540863
116.908371 184.137619
116.570259 169.753616
108.525887 314.646423
108.367928 300.383087
107.905571 286.320831
107.715218 271.849304
107.524757 257.596832
107.103790 243.246994
106.823265 229.069687
106.276749 214.709442
106.163208 200.452423
105.803627 186.050827
105.485413 171.819809
97.776886 315.964020
97.532433 301.785309
97.005508 287.678131
96.937111 273.250549
96.483696 259.159088
96.152740 245.046158
95.742119 230.721817
95.381218 216.627579
94.968063 202.211792
94.691750 188.061920
94.308357 173.802231
