116.816086 205.548523
115.644173 216.247498
114.531021 227.014618
113.269608 237.997742
112.088722 248.886932
110.886414 259.806915
109.656326 270.772095
108.408310 281.751556
107.202644 292.827148
105.955513 303.885223
104.590073 315.053040
128.408859 205.638168
127.364830 216.395813
126.161613 227.182297
124.988724 238.122009
123.851929 248.964508
122.681915 259.980347
121.502930 270.898163
120.320847 281.885254
119.176170 292.987457
117.810646 304.042999
116.634995 315.242798
140.179184 205.791809
139.110123 216.472397
137.887207 227.335526
136.827042 238.170288
135.588058 249.231186
134.502274 260.052460
133.310394 271.096039
132.114075 282.058411
130.993652 293.113647
129.753189 304.161194
128.578629 315.432037
151.912598 205.816284
150.863449 216.596970
149.744507 227.439224
148.631851 238.361176
147.423065 249.279541
146.426651 260.210236
145.140091 271.154633
143.948364 282.219604
142.891602 293.238342
141.690628 304.399841
140.473877 315.568390
163.677261 205.923035
162.639938 216.686172
161.510864 227.523087
160.376785 238.520340
159.341171 249.448318
158.196991 260.253906
156.967606 271.259338
155.970276 282.313385
154.885330 293.422058
153.711685 304.492035
152.502853 315.734833
175.357361 206.021606
174.415909 216.850876
173.273804 227.561218
172.271500 238.548172
171.168976 249.396057
170.046112 260.378754
169.021301 271.388397
167.812225 282.481537
166.837067 293.590485
165.619385 304.762451
164.541138 315.920441
187.122177 206.240494
186.101318 216.931229
185.124207 227.742996
184.020416 238.649307
182.993042 249.603882
181.895767 260.519409
180.887604 271.577606
179.767624 282.568695
178.721725 293.697388
177.640961 304.814911
176.553986 316.082733
198.882004 206.217209
198.024506 217.102097
196.964523 227.922836
195.874008 238.871246
194.811829 249.642151
193.839020 260.684570
192.875916 271.689819
191.678772 282.726410
190.736740 293.804016
189.751831 305.025360
188.609070 316.258484
210.743759 206.229172
209.766418 217.170609
208.838074 227.902161
207.676743 239.016159
206.765915 249.940262
205.803284 260.776031
204.718857 271.911163
203.824814 282.852448
202.820953 294.012787
201.642487 305.180176
200.741714 316.486420
222.576385 206.316452
221.548630 217.248306
220.714523 227.908234
219.609970 239.028442
218.729614 250.029007
217.774475 260.961761
216.662064 271.976837
215.736328 283.023163
214.826508 294.156982
213.902451 305.383392
212.756424 316.706146
234.457321 206.518784
233.346451 217.392395
232.569138 228.020142
231.649124 239.209717
230.754044 250.192108
229.816605 260.999451
228.758179 272.111420
227.770340 283.119446
226.868240 294.403534
225.963638 305.534332
225.017609 316.889282
246.323730 206.585434
245.318787 217.531036
244.526474 228.158890
243.572083 239.295609
242.638199 250.307816
241.787369 261.214233
240.812195 272.260071
239.933929 283.281281
239.008682 294.494659
238.099518 305.691742
237.104889 316.989838
258.304260 206.850784
257.280396 217.658142
256.564453 228.347031
255.551819 239.481903
254.677490 250.440735
253.837387 261.366028
252.891983 272.482941
252.038422 283.487457
251.084473 294.710724
250.207870 305.937836
249.324020 317.191650
270.085846 207.047470
269.282013 217.703110
268.445374 228.537888
267.516235 239.593613
266.631561 250.546402
265.809937 261.576874
264.938049 272.638123
264.082642 283.663452
263.235107 294.911591
262.291504 306.076263
261.398743 317.414520
