405.061371 168.834503
405.438965 178.988388
405.978943 189.112823
406.371521 199.440262
406.780548 209.685944
407.121307 219.909332
407.660187 230.214142
408.098236 240.414993
408.640198 250.709412
409.003632 261.079865
409.443573 271.422485
415.786316 168.037079
416.099091 178.230545
416.508453 188.495026
416.965149 198.778427
417.320892 209.060745
417.928894 219.320908
418.359650 229.616150
418.785309 239.778656
419.420929 250.093475
419.828125 260.389099
420.265900 270.725677
426.338135 167.363022
426.673737 177.577255
427.253906 187.862488
427.590790 198.078094
428.067596 208.354156
428.664978 218.617172
429.117767 228.898300
429.506531 239.225555
430.033295 249.442017
430.426910 259.779846
430.934418 270.189697
437.049255 166.646622
437.352081 176.773819
437.855804 187.076385
438.405975 197.435654
438.794739 207.728653
439.271362 217.921295
439.728058 228.228821
440.199341 238.510254
440.722565 248.802185
441.348877 259.073303
441.831116 269.489349
447.473236 165.960678
448.062561 176.122284
448.449585 186.410004
448.941467 196.721085
449.563599 206.943268
450.061035 217.229889
450.547760 227.464523
451.007080 237.819794
451.501587 248.145706
451.804810 258.418915
452.551300 268.869812
458.247284 165.348312
458.643066 175.556061
459.144104 185.706604
459.603760 196.057831
460.149506 206.305298
460.740295 216.593719
461.259338 226.790176
461.653625 237.161148
462.384888 247.496323
462.771881 257.854370
463.210876 268.175842
468.872101 164.635468
469.301117 174.753708
469.804077 185.062744
470.456207 195.335281
470.903595 205.671188
471.346771 215.883316
472.087952 226.176529
472.385529 236.506668
473.007172 246.872223
473.654297 257.146423
474.057190 267.487885
479.619995 163.848587
480.126556 174.053680
480.798096 184.346451
481.140015 194.742859
481.702881 204.951324
482.168915 215.257202
482.693939 225.402130
483.110962 235.827316
483.718750 246.138733
484.333435 256.520020
484.966156 266.981689
490.399780 163.055511
490.786652 173.437729
491.331238 183.645081
491.815643 193.964355
492.401489 204.367264
492.925568 214.561920
493.362396 224.937927
493.909424 235.130936
494.553802 245.572968
495.009186 255.979706
495.721191 266.370514
500.995697 162.460831
501.501373 172.715118
502.179932 182.832932
502.401642 193.333710
503.096344 203.645172
503.699554 213.977890
504.064087 224.256378
504.788269 234.448181
505.324066 244.888336
505.881073 255.291473
506.513031 265.732513
511.860931 161.710663
512.174194 172.058868
512.795837 182.253952
513.469910 192.639572
513.906677 203.001129
514.511719 213.267349
515.089172 223.492554
515.700684 233.845917
516.051636 244.270203
516.703796 254.641739
517.291748 265.051331
522.445129 161.205795
523.038879 171.486145
523.677429 181.649567
524.247742 191.977127
524.667969 202.366943
525.274414 212.486511
525.777161 222.885651
526.418518 233.202118
526.882813 243.596771
527.632507 254.136856
528.047241 264.489594
533.243469 160.515610
533.786743 170.765060
534.424927 180.855972
534.856750 191.307953
535.570618 201.693100
536.011536 211.872452
536.731812 222.251328
537.343628 232.456818
537.900513 242.912231
538.444946 253.413788
539.034241 263.855927
544.083313 159.826904
544.591553 170.095825
545.247925 180.263214
545.817688 190.645554
546.397400 200.973282
546.899536 211.149353
547.455200 221.527786
548.272400 231.918625
548.669373 242.291855
549.318420 252.734756
549.859375 263.154663
