419.060516 373.283478
418.631897 383.408813
418.264252 393.605835
417.689545 403.933258
417.184326 414.322571
416.854095 424.703156
416.310577 435.215912
415.951477 445.706940
415.432281 456.376221
414.970398 467.080170
414.462799 477.852936
430.548187 372.627960
430.068817 382.804840
429.759460 392.937927
429.306732 403.335724
428.952850 413.741791
428.465057 424.165771
428.108582 434.668823
427.662659 445.144257
427.368927 455.769745
426.813049 466.593323
426.404449 477.319427
442.052124 371.959412
441.744141 382.083496
441.266296 392.371399
440.894775 402.761566
440.530304 413.162048
440.198486 423.541840
439.837372 434.070648
439.499146 444.648102
439.073608 455.394836
438.717194 466.087006
438.320190 476.850830
453.681244 371.382996
453.241241 381.501099
453.012543 391.778564
452.637665 402.169220
452.339447 412.540955
451.931458 423.042633
451.653503 433.596771
451.330139 444.153259
451.016144 454.783020
450.540619 465.554230
450.370483 476.418427
465.100128 370.751434
464.806854 380.871185
464.569641 391.174011
464.346008 401.558929
463.981232 412.020416
463.831543 422.532898
463.468445 433.025452
463.170166 443.547852
462.892670 454.344147
462.564758 465.120270
462.281311 475.916870
476.845703 370.091003
476.507813 380.307739
476.345825 390.603149
475.980804 400.988800
475.914429 411.517242
475.653748 421.877502
475.353363 432.531555
475.122101 443.064850
474.882355 453.812164
474.496979 464.606232
474.353485 475.400635
488.442261 369.514862
488.240173 379.658386
487.914307 390.057373
487.865509 400.456024
487.690491 410.854645
487.494537 421.396637
487.250397 432.013824
487.021606 442.597260
486.817383 453.314667
486.663605 464.169373
486.380615 474.990326
500.249207 368.857117
499.859253 379.055054
499.902100 389.322937
499.608459 399.807465
499.447357 410.324829
499.258820 420.874023
499.275543 431.485840
499.073700 442.073059
498.997925 452.847565
498.741241 463.677979
498.652039 474.527802
511.977722 368.153717
511.652771 378.444183
511.627869 388.732300
511.436859 399.267242
511.455017 409.744110
511.554321 420.312073
511.208008 430.943329
511.088837 441.597168
510.955627 452.354675
510.742249 463.173737
510.660248 474.007080
523.895874 367.564789
523.487000 377.821869
523.671753 388.179718
523.390137 398.687164
523.364563 409.154449
523.410156 419.771271
523.102478 430.309784
523.136108 441.004944
523.006714 451.832703
522.875488 462.642944
523.001221 473.496735
535.621887 367.036499
535.461243 377.255646
535.594360 387.480225
535.295593 398.099182
535.371704 408.615814
535.379395 419.178986
535.364868 429.758331
535.384766 440.428253
535.097046 451.237579
535.170532 462.209564
535.155762 473.069855
547.620789 366.426910
547.304565 376.625366
547.484070 386.902863
547.275085 397.508057
547.310242 408.169769
547.426880 418.708282
547.357483 429.218140
547.469360 439.971497
547.327271 450.705444
547.274231 461.667236
547.460693 472.709930
559.401001 365.768707
559.345520 376.017120
559.430908 386.382843
559.354431 396.941864
559.408325 407.583038
559.507935 418.056213
559.515198 428.821838
559.584961 439.430206
559.540222 450.323120
559.621094 461.240326
559.675537 472.208191
571.221313 365.169006
571.266968 375.442047
571.490845 385.843964
571.491638 396.442169
571.481689 407.071442
571.565735 417.596558
571.625366 428.300323
571.788635 438.989441
571.871582 449.830933
572.019531 460.782043
572.112671 471.690063
