373.899353 49.685757
374.249390 60.540710
374.626984 71.335640
374.922058 82.368942
375.229218 93.310532
375.479523 104.193550
375.918915 115.151291
376.244202 126.008049
376.715607 136.917007
377.023224 147.837723
377.332275 158.721603
383.964996 50.348785
384.214386 61.114300
384.556000 71.962601
384.954010 82.911583
385.175385 93.750130
385.631134 104.675537
385.944946 115.547493
386.294983 126.278542
386.765472 137.161774
387.052856 147.985168
387.407684 158.835632
393.819366 51.050781
394.080627 61.748089
394.559723 72.583443
394.822571 83.375282
395.172455 94.189888
395.636993 105.031166
395.935120 115.859772
396.229614 126.632660
396.612488 137.341034
396.893768 148.154221
397.309662 158.972153
403.691833 51.753597
403.970978 62.320770
404.295532 73.057213
404.722168 83.905052
405.020477 94.693665
405.386047 105.365021
405.662170 116.118378
405.997864 126.875572
406.383362 137.581848
406.851105 148.298782
407.206512 159.072037
413.217041 52.385586
413.689331 63.005741
414.004181 73.678246
414.350281 84.386261
414.821686 95.077705
415.136047 105.781456
415.448578 116.370140
415.828125 127.088814
416.129181 137.771133
416.354187 148.387695
416.861145 159.134460
422.979126 53.134628
423.240936 63.718971
423.617096 74.194893
423.946869 84.903259
424.326874 95.489670
424.748688 106.132782
425.072632 116.693855
425.378906 127.310089
425.868134 137.995377
426.117310 148.615326
426.384491 159.177887
432.408936 53.853905
432.810760 64.259621
433.145752 74.829826
433.562469 85.396439
433.924072 95.958229
434.150238 106.443848
434.596924 117.071892
434.888824 127.613434
435.295349 138.190475
435.724304 148.742157
435.969910 159.243454
441.831085 54.452587
442.199188 64.929398
442.665497 75.347443
442.974945 85.927467
443.313782 96.364212
443.620728 106.873421
443.987122 117.316635
444.324097 127.880203
444.725372 138.336716
445.063385 148.877457
445.492706 159.455872
451.160797 55.111217
451.523712 65.564377
451.883514 75.901047
452.194580 86.387085
452.645111 96.874886
452.963318 107.239868
453.296692 117.750748
453.671234 128.091522
454.072083 138.628754
454.377869 149.091873
454.840637 159.575699
460.328308 55.877506
460.681396 66.173248
461.111908 76.420204
461.336975 86.888054
461.802643 97.280006
462.195404 107.673759
462.475433 118.057083
462.975037 128.343033
463.327209 138.798538
463.738922 149.226715
464.098938 159.674210
469.396545 56.602108
469.690979 66.804070
470.190338 77.031052
470.592682 87.392235
470.937836 97.806625
471.366608 107.996750
471.797913 118.336601
472.188110 128.684174
472.439636 139.051971
472.844025 149.333557
473.215210 159.737640
478.334259 57.340614
478.768646 67.566284
479.259552 77.640556
479.633087 87.947731
479.927734 98.217110
480.365265 108.379562
480.688873 118.711891
481.175629 128.915741
481.465057 139.263062
481.903534 149.637650
482.184662 159.861465
487.158264 58.124706
487.604126 68.188972
488.057770 78.146477
488.385254 88.458595
488.861145 98.744080
489.248444 108.830475
489.686096 119.079170
490.124817 129.169296
490.463043 139.450089
490.867920 149.764145
491.229614 159.986404
495.929321 58.894863
496.368561 68.880280
496.862244 78.860146
497.192169 89.046997
497.663544 99.199799
498.053772 109.184021
498.420441 119.369514
498.949738 129.545609
499.252563 139.724548
499.694336 149.953247
500.020599 160.088531
