531.041382 390.649475
533.742065 361.575897
536.474304 331.914642
539.212097 301.523956
541.943237 270.863739
544.408508 240.139587
547.109131 208.836197
549.593262 177.446594
552.003174 145.600143
554.406616 113.443275
556.521851 81.231339
500.361603 388.574615
502.852203 359.305237
505.241882 329.833984
507.657043 299.614807
509.973999 269.091064
512.521118 238.390686
514.946716 207.330383
517.404480 175.987793
519.842407 144.170349
522.174011 112.022369
524.228821 79.859337
469.906311 386.156555
472.018250 357.141388
474.103271 327.617096
476.255432 297.519806
478.394257 267.256348
480.653137 236.752487
482.970184 205.799469
485.277557 174.635803
487.706482 142.937439
489.944092 110.844376
492.057495 78.647224
439.530304 383.856384
441.250458 354.810883
443.193359 325.418518
445.173676 295.382477
447.063293 265.421509
449.150513 235.146042
451.238464 204.423141
453.448395 173.324875
455.656158 141.827438
457.829529 109.732422
459.836731 77.675934
409.360229 381.338196
411.037292 352.377319
412.764374 323.279755
414.445404 293.522339
416.160950 263.636353
418.074097 233.604385
420.016785 203.045685
421.946014 172.197083
423.941223 140.806107
425.956726 108.912430
427.924286 76.807884
379.645203 378.875580
381.055908 350.056854
382.643158 321.043365
384.135040 291.611969
385.809479 261.960602
387.480133 231.986908
389.028717 201.741776
390.822174 171.079697
392.598541 139.779495
394.340027 108.015671
396.149658 76.062386
350.182281 376.301025
351.686584 347.864624
352.944733 318.849030
354.352203 289.594177
355.795380 260.140106
357.162384 230.426910
358.638550 200.377853
360.152008 169.905212
361.790955 138.831406
363.204254 107.208817
364.797668 75.313896
321.096100 374.162445
322.340240 345.600952
323.698853 316.811188
324.888885 287.686340
326.112457 258.438385
327.395233 228.870483
328.579895 198.980621
329.928436 168.616760
331.147125 137.805054
332.396973 106.332611
333.764099 74.723816
292.283142 372.062897
293.688446 343.403076
294.631317 315.101563
295.814178 285.823883
296.832184 256.714630
297.890045 227.388260
298.998291 197.666733
300.051727 167.380020
300.934692 136.732727
301.946136 105.453110
303.127228 74.048683
263.858124 369.892670
265.126892 341.321777
265.990295 313.117615
267.057770 284.068390
268.028412 255.087280
268.724060 225.858871
269.784760 196.174667
270.353302 166.196289
271.170502 135.631577
272.003571 104.528793
272.912537 73.244598
235.740387 367.677338
236.793564 339.354614
237.430954 311.284546
238.394165 282.272949
239.135574 253.373840
239.634552 224.284286
240.368576 194.783737
240.900604 164.962936
241.637558 134.636627
242.199646 103.675606
242.905258 72.642967
207.750397 365.478241
208.604935 337.411713
209.260391 309.402130
210.052109 280.611694
210.489380 251.773712
210.975647 222.821655
211.624557 193.361267
211.822861 163.802017
212.351242 133.434174
212.810074 102.786049
213.225830 71.867912
180.110626 363.124481
180.844345 335.340118
180.942917 307.693573
181.751755 278.931091
182.183105 250.295563
182.492065 221.319275
182.715149 192.080933
182.719666 162.446121
183.360855 132.393112
183.490738 101.903358
183.996994 71.379105
153.089478 360.928680
153.221588 333.479706
153.356003 305.753784
153.909256 277.191010
154.134827 248.693268
154.189148 219.963257
154.318741 190.740051
154.285904 161.381012
154.566635 131.341095
154.864044 101.258469
155.115448 70.917458
