220.309906 277.804840
221.179886 288.822266
221.938766 299.938385
222.703033 311.089539
223.494492 322.333038
224.303131 333.477905
225.158356 344.773468
226.010101 355.884827
226.820450 367.135345
227.680557 378.389191
228.434525 389.741150
230.665207 276.843262
231.409698 287.845825
232.182327 298.798248
233.006607 309.901825
233.834549 320.923767
234.622147 332.047546
235.409760 343.084839
236.232224 354.210052
237.107941 365.241211
237.860367 376.595398
238.731842 387.696442
240.711380 275.960663
241.467880 286.780304
242.213013 297.734894
243.033569 308.677948
243.849426 319.662872
244.656708 330.608398
245.495239 341.618713
246.266678 352.588562
247.066986 363.702881
247.955734 374.686096
248.797043 385.779968
250.589767 275.082123
251.308167 285.812134
252.106949 296.594849
252.904800 307.413483
253.720413 318.237335
254.436539 329.197235
255.298004 340.080414
256.130463 351.000488
256.992035 361.891144
257.821808 372.902527
258.635803 383.814087
260.148376 274.165344
260.995239 284.828888
261.776428 295.462372
262.447815 306.284241
263.297943 317.070221
264.129761 327.825500
264.996704 338.683807
265.829529 349.315948
266.651062 360.197845
267.470062 371.077911
268.206116 381.997955
269.731110 273.314270
270.394836 283.914368
271.184692 294.426300
271.994690 305.092346
272.888641 315.828430
273.657684 326.434845
274.464355 337.156494
275.271820 347.838928
276.168945 358.593109
276.956573 369.336151
277.800781 380.042572
278.986328 272.580841
279.795288 282.970276
280.485687 293.396332
281.305267 304.026489
282.199005 314.667877
282.948120 325.121307
283.833649 335.811005
284.644470 346.242676
285.389984 356.997467
286.229828 367.621613
287.061096 378.275696
288.146515 271.775696
288.890961 282.015045
289.740753 292.412506
290.429443 302.940979
291.327423 313.406006
292.052704 323.910889
292.937866 334.304108
293.731812 344.870758
294.579346 355.363037
295.347382 365.966644
296.268677 376.512726
297.189758 270.992767
297.879150 281.129242
298.649567 291.464996
299.441620 301.855286
300.194397 312.214355
301.097717 322.662842
301.851624 333.017517
302.701324 343.345612
303.579865 353.884094
304.329773 364.283386
305.161591 374.850494
305.995392 270.144043
306.621002 280.293091
307.531555 290.499268
308.170776 300.842560
309.003601 311.074921
309.875946 321.330811
310.669312 331.666656
311.559235 341.975220
312.293365 352.264496
313.124847 362.751282
314.013885 373.045044
314.584839 269.381195
315.291077 279.501343
316.151642 289.636261
316.853027 299.819214
317.693359 309.969330
318.490753 320.192383
319.274902 330.338165
320.194366 340.596649
320.963318 350.857605
321.827911 361.064667
322.662140 371.373596
323.091949 268.719269
323.786438 278.667114
324.681335 288.688293
325.363892 298.833191
326.094025 308.887817
327.021423 319.041443
327.832703 329.026917
328.756989 339.185028
329.433411 349.319946
330.273926 359.613159
331.141388 369.781799
331.391449 267.929932
332.144592 277.841888
333.015808 287.820129
333.782501 297.833252
334.521973 307.792847
335.367859 317.845673
336.104279 327.874969
337.086090 337.903290
337.851593 347.968933
338.667511 358.022278
339.495361 368.152740
339.634583 267.178711
340.314026 277.031799
341.175079 286.909943
341.912292 296.873016
342.721069 306.773529
343.563782 316.671783
344.343506 326.635162
345.217560 336.600952
346.057678 346.580109
346.893250 356.587921
347.771149 366.587921
