95.955635 77.119987
94.732758 92.907951
93.546059 108.858849
92.236946 125.172745
91.210655 141.701233
90.163849 158.222549
89.034843 175.008972
87.948189 191.848801
86.896202 209.039200
85.841637 226.244293
84.691818 243.728729
113.271828 78.912605
112.188385 94.643379
111.126610 110.547874
110.125954 126.826569
109.136314 143.132889
108.136803 159.693634
107.181305 176.265656
106.239471 193.087540
105.320061 210.076324
104.256424 227.209106
103.439728 244.570892
130.416397 80.776787
129.523392 96.314865
128.634613 112.248398
127.734978 128.409592
126.874138 144.790909
126.015175 161.027161
125.185860 177.630203
124.296440 194.229279
123.618111 211.170166
122.696144 228.110138
121.874489 245.367661
147.570786 82.555122
146.794632 98.158600
145.963348 113.974022
145.211136 130.040665
144.383179 146.232040
143.800491 162.571503
143.024261 178.917816
142.332748 195.483582
141.653564 212.169235
140.768066 229.105667
140.024323 246.099518
164.436554 84.414207
163.830948 99.969025
163.080627 115.757164
162.391693 131.773331
161.891266 147.882233
161.273941 163.949966
160.472687 180.185394
160.022369 196.682785
159.381653 213.334381
158.767548 229.992996
158.021622 246.942139
181.167007 86.358170
180.609329 101.913544
179.995697 117.418755
179.573227 133.393997
179.076309 149.263596
178.435349 165.394775
178.084457 181.571014
177.392517 197.940491
176.977005 214.392883
176.275482 231.051865
175.745132 247.756485
197.643631 88.408974
197.136826 103.763290
196.689194 119.280106
196.207840 135.072052
195.873444 150.919250
195.415771 166.816437
195.053940 182.928482
194.499084 199.052582
194.104141 215.471344
193.624664 231.870850
193.128403 248.482605
213.869949 90.204788
213.609375 105.685310
213.195694 121.116341
212.839874 136.880646
212.427185 152.417038
212.128799 168.304626
211.873901 184.196686
211.327255 200.215485
211.083084 216.415771
210.707397 232.861206
210.189911 249.251450
229.949890 92.125038
229.637695 107.487259
229.334351 122.803902
228.941116 138.540634
228.770569 154.132904
228.500854 169.684464
228.163116 185.605774
228.022705 201.371429
227.775070 217.514542
227.203247 233.729462
227.016052 250.111893
245.751419 94.011429
245.420624 109.324020
245.302170 124.432068
244.954651 140.087494
244.841019 155.637360
244.657486 171.097351
244.302719 186.830154
244.164398 202.567535
244.029083 218.482544
243.837296 234.642334
243.328873 250.877640
261.306458 96.041397
260.967010 111.192635
260.923187 126.116394
260.759979 141.741959
260.646881 157.124939
260.491364 172.422821
260.238739 188.077209
260.111633 203.639084
260.034821 219.569733
259.868866 235.433563
259.729858 251.566696
276.550201 97.931175
276.360504 113.030685
276.332428 127.837242
276.151581 143.252930
276.046326 158.576675
276.007202 173.823502
275.943481 189.279587
275.919220 204.721466
275.848022 220.448349
275.724762 236.225159
275.585938 252.209885
291.668976 99.988197
291.457672 114.814247
291.565521 129.494629
291.393585 144.835175
291.357239 160.020081
291.354004 175.117447
291.287140 190.583130
291.324982 205.826065
291.273254 221.420654
291.250793 237.127457
291.226013 252.924469
306.317627 101.885567
306.355957 116.430740
306.395691 131.236084
306.315125 146.322662
306.305511 161.352020
306.350067 176.460999
306.352264 191.707504
306.393188 206.881287
306.472198 222.393326
306.424744 237.886948
306.439911 253.656357
