278.239105 300.765533
279.031128 285.715332
279.930664 270.705383
280.582977 255.535904
281.556976 240.540009
282.313446 225.584549
283.151703 210.727249
284.048004 195.864410
284.823639 181.033951
285.698486 166.201920
286.444275 151.447952
263.577301 300.133209
264.253662 284.939209
265.249023 269.761444
266.112213 254.603745
266.971405 239.331146
267.855530 224.309738
268.698242 209.322784
269.610657 194.389511
270.290436 179.399628
271.178802 164.541412
271.997101 149.654022
248.547318 299.780914
249.299042 284.170105
250.326630 268.828430
251.226303 253.521759
252.226959 238.193649
253.023254 223.057785
253.895218 207.978195
254.768051 192.877228
255.733246 177.817596
256.452301 162.788162
257.396790 147.736557
233.138367 298.883606
234.226608 283.481598
235.248932 268.022369
236.240814 252.604187
237.043488 237.078598
238.032227 221.765610
238.928665 206.554428
239.893311 191.299606
240.753738 176.108215
241.676437 160.946411
242.384811 145.883865
217.801041 298.360809
218.959305 282.920898
219.807465 267.246002
220.758926 251.501068
221.722900 236.106873
222.713150 220.570145
223.721024 205.042572
224.556717 189.812164
225.568054 174.507065
226.394760 159.035248
227.349518 143.913696
202.074585 297.538727
202.934647 282.222137
204.139893 266.244598
205.220200 250.666580
206.102493 234.650360
207.174866 219.145065
208.168823 203.569412
209.102600 188.132568
210.090973 172.722321
210.957550 157.214432
211.928726 141.862152
186.013855 297.083466
187.085403 281.092743
188.165375 265.377380
189.135849 249.371857
190.297241 233.396561
191.270828 217.840256
192.257538 202.022690
193.289108 186.630600
194.283646 170.957611
195.282242 155.305511
196.169662 139.887115
169.953568 296.083954
170.845001 280.447754
172.023926 264.534760
172.904160 248.391724
174.007507 232.223495
175.107025 216.511765
176.191742 200.582855
177.161331 184.876129
178.230881 169.071228
179.177643 153.370331
180.159103 137.834930
152.965836 295.403717
154.147079 279.577911
155.383423 263.283173
156.396912 247.091965
157.528610 231.051056
158.700409 214.928253
159.764893 199.072449
160.896957 183.133026
161.901337 167.206818
162.961502 151.529984
163.969788 135.893295
136.137085 294.815979
137.219971 278.740265
138.554581 262.148071
139.674561 245.996307
140.852280 229.767593
141.955627 213.538528
143.081375 197.609009
144.176575 181.451889
145.394974 165.486496
146.413086 149.557999
147.500763 133.723694
118.905960 294.065948
120.099640 277.723297
121.336662 261.137604
122.625610 244.854187
123.798210 228.410278
125.063217 212.081955
126.060509 195.998535
127.351059 179.751709
128.422379 163.766647
129.676804 147.708374
130.863617 131.802307
101.656990 293.344391
102.847145 276.921112
104.202995 260.130371
105.388878 243.718475
106.625237 227.132629
107.768791 210.705658
109.061897 194.421127
110.235519 178.097733
111.617218 161.968338
112.813606 145.851791
114.024391 129.812134
84.121681 292.635040
85.285393 275.965790
86.574883 259.207764
87.914665 242.404770
89.149269 225.825790
90.435555 209.236084
91.786758 192.875244
93.080261 176.324890
94.256508 160.111984
95.746628 143.892960
97.034164 127.809822
66.404312 291.815735
67.782181 275.022614
69.033875 258.144592
70.320801 241.250015
71.702103 224.609222
72.972145 207.947556
74.331352 191.317612
75.734428 174.873856
77.095551 158.314697
78.420807 142.025650
79.922112 125.835556
