118.823384 207.368552
117.382373 217.839124
115.963891 228.372355
114.457377 239.107811
113.130367 249.923206
111.795632 260.692998
110.402984 271.595461
109.040798 282.487000
107.692230 293.558924
106.346827 304.596172
104.935732 315.769128
130.126390 207.240112
128.744614 217.754906
127.375154 228.342417
126.035500 239.131635
124.707073 249.896824
123.366772 260.787435
122.059870 271.641223
120.756608 282.615070
119.466077 293.653869
118.081602 304.746635
116.852306 315.937050
141.510604 207.170583
140.231051 217.635076
138.941872 228.324368
137.640401 239.125697
136.360242 250.029922
135.092337 260.797491
133.833191 271.764807
132.539186 282.690694
131.374851 293.791573
130.054593 304.857772
128.791928 316.084966
153.106562 207.041012
151.871342 217.633811
150.593410 228.334747
149.362812 239.159876
148.079704 250.033183
146.960912 260.952569
145.714992 271.846830
144.521095 282.842899
143.334572 293.877729
142.003273 305.042575
140.769303 316.198903
164.704036 206.986861
163.558145 217.626944
162.304798 228.398444
161.088036 239.281364
160.001708 250.177367
158.840329 261.014520
157.548901 271.933954
156.491092 282.974264
155.299656 294.085722
154.130362 305.161008
152.862576 316.391209
176.406267 207.000870
175.264082 217.730853
174.088587 228.393792
173.029721 239.328621
171.926964 250.159455
170.714462 261.138083
169.707306 272.095206
168.456148 283.159569
167.398265 294.230259
166.135621 305.409256
164.994144 316.573811
188.126341 207.109541
187.000742 217.789547
185.913522 228.541941
184.792189 239.450133
183.777246 250.351066
182.675032 261.257135
181.634448 272.268652
180.459431 283.259443
179.387783 294.406100
178.260860 305.504364
177.115857 316.707386
199.880599 207.061715
198.899881 217.903814
197.812529 228.688048
196.754204 239.664515
195.669342 250.450655
194.653585 261.437717
193.672443 272.390517
192.476853 283.406680
191.494876 294.498395
190.409164 305.724977
189.227946 316.879004
211.723835 207.112810
210.683572 217.968898
209.655605 228.757766
208.542160 239.812100
207.605167 250.716133
206.599719 261.563506
205.528146 272.636063
204.613508 283.556909
203.603489 294.708136
202.355307 305.881338
201.384418 317.121311
223.563025 207.163451
222.483341 218.078395
221.579221 228.798542
220.475026 239.887969
219.556714 250.853145
218.593293 261.725748
217.489630 272.763481
216.551679 283.759472
215.609483 294.845141
214.615168 306.067711
213.384281 317.313144
235.407519 207.338413
234.301660 218.230612
233.440073 228.904468
232.450266 240.055067
231.515392 250.995846
230.555484 261.845635
229.504727 272.918383
228.558158 283.885620
227.632732 295.076372
226.646030 306.188606
225.668312 317.453118
247.217225 207.440669
246.203548 218.375098
245.336536 229.053481
244.317727 240.148663
243.366374 251.138986
242.473801 262.037814
241.552921 273.054781
240.666228 284.027191
239.729829 295.170537
238.753242 306.316645
237.756123 317.574689
259.116723 207.677245
258.074830 218.505288
257.299426 229.171498
256.264632 240.305153
255.349897 251.283738
254.469198 262.165315
253.519346 273.282768
252.667915 284.203134
251.728076 295.346197
250.807647 306.534651
249.883000 317.753539
270.843635 207.839826
269.994945 218.530510
269.134072 229.381968
268.161284 240.416052
267.252186 251.371208
266.384664 262.349478
265.477334 273.397896
264.608081 284.359989
263.751819 295.532767
262.797951 306.663616
261.880709 317.956814
