252.764954 365.506756
253.650260 353.945982
254.623487 342.413217
255.396086 330.758089
256.430820 319.229228
257.286076 307.732963
258.207366 296.307578
259.176862 284.872847
260.046499 273.465156
260.998299 262.048999
261.842424 250.697224
240.838081 364.949342
241.623820 353.375028
242.667233 341.810013
243.603782 330.257608
244.539130 318.614926
245.490976 307.159909
246.408959 295.729305
247.382902 284.334000
248.169049 272.902993
249.122732 261.560316
250.020145 250.196331
228.810540 364.611013
229.655928 352.819196
230.716447 341.227047
231.675058 329.658324
232.714713 318.067981
233.588823 306.623858
234.522556 295.217599
235.457567 283.792184
236.465970 272.390598
237.277440 261.020740
238.269714 249.619621
216.696827 363.868423
217.793821 352.333243
218.840722 340.750189
219.863571 329.193584
220.740328 317.556293
221.759668 306.071003
222.705357 294.660700
223.705562 283.211769
224.623213 271.811112
225.589589 260.426494
226.386013 249.125295
204.837886 363.416872
205.977149 351.950770
206.882445 340.306532
207.868523 328.606354
208.858888 317.162527
209.872141 305.608257
210.899213 294.055934
211.788978 282.726557
212.815835 271.331172
213.702994 259.817420
214.683810 248.553492
192.889077 362.751120
193.788148 351.475029
194.958961 339.706760
196.029447 328.227664
196.957660 316.425139
198.021779 304.990482
199.028056 293.501558
199.986775 282.112951
200.986831 270.737849
201.896233 259.293241
202.882918 247.954161
180.890160 362.363423
181.947994 350.692765
183.008008 339.217963
183.991881 327.528013
185.117598 315.852209
186.097182 304.481150
187.091156 292.915243
188.111986 281.653737
189.110168 270.184548
190.111402 258.726247
191.026036 247.440625
169.107458 361.588596
170.016478 350.275613
171.140067 338.756931
172.049903 327.070306
173.123434 315.358082
174.187112 303.970722
175.244024 292.421559
176.213334 281.032540
177.257930 269.564189
178.211076 258.172515
179.187304 246.894884
156.857393 361.053764
157.967351 349.706041
159.125237 338.015425
160.122149 326.395775
161.201808 314.877165
162.312183 303.293181
163.341459 291.898157
164.421244 280.435720
165.409249 268.983099
166.433744 257.702108
167.420523 246.448129
144.936946 360.594598
145.968861 349.170259
147.187138 337.371621
148.247520 325.881490
149.350424 314.330127
150.401368 302.774630
151.463604 291.426009
152.508525 279.911591
153.637998 268.522581
154.625429 257.163721
155.661039 245.863529
132.951217 360.028422
134.052370 348.518469
135.188189 336.830908
136.355488 325.348787
137.445574 313.749061
138.598381 302.222298
139.561776 290.870170
140.732148 279.387492
141.746237 268.091907
142.889570 256.730599
143.983868 245.473468
121.166888 359.492199
122.254119 348.028722
123.460725 336.301234
124.546088 324.833049
125.669325 313.236532
126.727231 301.747054
127.885263 290.346477
128.963049 278.916443
130.180408 267.606416
131.271526 256.306759
132.371799 245.053860
109.400435 358.973535
110.461484 347.443150
111.608462 335.844631
112.790485 324.207278
113.899104 312.719664
115.043114 301.216880
116.227426 289.863200
117.377039 278.373121
118.442829 267.114688
119.720400 255.830136
120.860248 244.641833
97.726781 358.388568
98.917843 346.876091
100.028487 335.298965
101.163137 323.703577
102.356081 312.273223
103.477029 300.823829
104.656789 289.386544
105.863073 278.067447
107.044502 266.663035
108.198406 255.437863
109.467882 244.263153
