419.982569 374.062253
419.527503 384.253386
419.162533 394.519900
418.586511 404.908083
418.114032 415.445186
417.805826 425.944627
417.312061 436.554933
416.996391 447.162341
416.460760 457.946230
415.978368 468.727729
415.435605 479.577373
431.580165 373.445836
431.077861 383.656978
430.756211 393.907651
430.330251 404.392230
430.020426 414.903130
429.539995 425.469945
429.209319 436.045835
428.772755 446.665854
428.464483 457.381979
427.873439 468.265028
427.399055 479.018643
443.219177 372.838326
442.874720 383.037538
442.418399 393.387740
442.063504 403.864338
441.699831 414.367076
441.403586 424.866932
441.023857 435.490089
440.658646 446.139666
440.225272 456.942867
439.791673 467.713375
439.331539 478.536074
454.970682 372.282837
454.498346 382.479767
454.240973 392.802488
453.850343 403.319781
453.579359 413.795619
453.167598 424.363051
452.897187 435.001418
452.509788 445.674542
452.172107 456.356884
451.623619 467.184416
451.324533 478.032185
466.513176 371.662822
466.204534 381.871578
465.910235 392.226460
465.664817 402.728087
465.255280 413.305422
465.101881 423.863017
464.719228 434.396831
464.375594 445.032908
464.031618 455.892860
463.642664 466.690051
463.176097 477.448158
478.397622 371.006935
477.976747 381.285682
477.769590 391.663618
477.366487 402.153572
477.290628 412.771697
476.948382 423.231637
476.608075 433.886628
476.308708 444.508350
475.991075 455.289624
475.485651 466.084838
475.140681 476.813204
490.043202 370.416940
489.817270 380.651950
489.447346 391.085878
489.347007 401.599671
489.082696 412.099417
488.860918 422.646331
488.482139 433.339933
488.206980 443.896684
487.854817 454.693996
487.546019 465.508540
487.060739 476.292136
501.941087 369.765174
501.512740 380.062101
501.466047 390.412263
501.151531 400.986988
500.865839 411.543446
500.593073 422.120853
500.460617 432.715768
500.097971 443.333344
499.874797 454.145277
499.443534 464.857162
499.036325 475.646581
513.730856 369.065000
513.354979 379.439507
513.165082 389.787894
512.986553 400.371667
512.737654 410.932990
512.639442 421.505347
512.198496 432.133674
511.988904 442.715239
511.659440 453.518823
511.216682 464.255052
510.832648 474.996967
525.519216 368.472763
525.118055 378.811168
525.081611 389.230008
524.725306 399.747260
524.544027 410.270978
524.383671 420.864708
523.931696 431.447016
523.749824 442.118841
523.470960 452.879005
523.071917 463.565464
522.871567 474.267345
537.202518 367.881019
536.929805 378.206605
536.923779 388.521609
536.490991 399.126420
536.294656 409.667922
536.207163 420.191997
535.889833 430.828042
535.764617 441.436991
535.266418 452.174576
534.987406 462.985033
534.672382 473.632819
548.963301 367.233045
548.568448 377.512113
548.568696 387.849849
548.223445 398.481250
548.044821 409.074402
547.962017 419.582099
547.639750 430.115790
547.521699 440.810421
547.144664 451.501062
546.758604 462.256618
546.563613 473.098377
560.459155 366.586052
560.255479 376.875033
560.204371 387.250237
559.964641 397.801499
559.798996 408.373937
559.680189 418.829122
559.409589 429.536660
559.271779 440.133961
558.913963 450.885497
558.678683 461.605550
558.417602 472.401943
572.034658 365.923235
571.946750 376.241408
571.902327 386.627330
571.656917 397.169707
571.385601 407.750838
571.235670 418.227651
571.098213 428.861292
570.956926 439.480519
570.758241 450.202151
570.553633 460.987479
570.394005 471.693015
