250.689741 298.979858
250.477619 283.834385
250.254784 268.574451
250.005167 253.139532
249.744465 237.766479
249.381444 222.578104
249.088854 207.282902
248.713641 192.158581
248.295909 177.018022
247.868190 161.927473
247.335659 147.027250
238.347004 300.641321
238.118721 285.398923
237.845067 270.250001
237.554149 254.912021
237.216209 239.623897
236.964537 224.421738
236.654846 209.247410
236.350155 194.127546
236.023082 178.978051
235.647116 163.877233
235.171498 148.984149
226.071715 302.106563
225.778257 287.014069
225.458016 271.849894
225.146068 256.580149
224.826457 241.419174
224.548288 226.319136
224.279153 211.186293
224.001845 196.143959
223.754534 181.030073
223.423555 165.940855
223.046339 151.006170
213.825587 303.626544
213.449593 288.539309
213.153741 273.440129
212.853115 258.200753
212.523439 243.194631
212.263443 228.202832
211.991257 213.180809
211.756185 198.157300
211.509455 183.134865
211.232353 168.027946
210.897566 153.144241
201.647102 305.016177
201.330888 289.963765
201.033701 275.019603
200.699936 259.930242
200.379505 244.959365
200.135030 230.083720
199.887783 215.134087
199.629044 200.232627
199.381281 185.256115
199.128310 170.232932
198.853815 155.307287
189.646816 306.394656
189.301626 291.426396
189.024509 276.523830
188.700208 261.599826
188.444595 246.732358
188.180796 231.888498
187.864783 217.105134
187.634306 202.283784
187.381169 187.346769
187.104279 172.384248
186.851050 157.517976
177.738451 307.693247
177.513549 292.901419
177.176947 278.013248
176.896480 263.171232
176.627758 248.406408
176.325313 233.699474
176.059467 218.999045
175.799517 204.272297
175.574304 189.432729
175.251183 174.540763
174.992832 159.696062
165.987911 309.184983
165.725695 294.338653
165.506076 279.543212
165.213735 264.771044
164.934876 250.112069
164.674235 235.467031
164.370468 220.850837
164.121570 206.171407
163.814733 191.470736
163.507122 176.640880
163.244363 161.923918
154.341132 310.673447
154.210657 295.748933
153.906375 281.225008
153.677380 266.361006
153.390316 251.773600
153.117169 237.250138
152.857694 222.704499
152.567199 208.068186
152.206633 193.453761
151.885203 178.712846
151.629242 164.083511
142.841997 312.091316
142.727850 297.211889
142.461559 282.731386
142.261077 267.978105
142.026335 253.443230
141.681605 238.982847
141.473397 224.442693
141.071404 209.977316
140.757756 195.388306
140.443076 180.724797
140.157421 166.152263
131.459453 313.458964
131.331829 298.714167
131.044817 284.308240
130.872321 269.568275
130.616639 255.079131
130.265472 240.688344
130.002327 226.248460
129.658269 211.844098
129.387939 197.355962
129.042591 182.760856
128.754720 168.300024
120.122747 314.824330
119.987005 300.217044
119.774362 285.826917
119.605165 271.199057
119.297399 256.751315
119.010591 242.413482
118.782263 227.983839
118.380493 213.716078
118.097693 199.207075
117.787269 184.748298
117.460007 170.343762
108.919303 316.078371
108.804990 301.616551
108.440260 287.448061
108.345728 272.817711
108.105098 258.456179
107.814417 244.105584
107.489975 229.803709
107.079091 215.498463
106.912815 201.111994
106.546667 186.735373
106.327825 172.485743
97.963092 317.359794
97.674680 303.113478
97.387084 288.888211
97.259156 274.367709
97.004000 260.078389
96.681755 245.855652
96.386868 231.552449
96.030801 217.366119
95.792138 202.997400
95.562244 188.779340
95.314633 174.614769
