405.480002 168.291085
405.885535 178.439609
406.320878 188.548568
406.670367 198.912574
407.033069 209.208991
407.335841 219.476260
407.840723 229.815122
408.224701 240.090750
408.765570 250.423691
409.132610 260.803628
409.501781 271.168825
416.182767 167.558214
416.493352 177.694167
416.903700 187.916216
417.375811 198.247659
417.658660 208.515522
418.194511 218.860392
418.578397 229.190830
419.001506 239.403697
419.556194 249.772138
419.913834 260.120851
420.345301 270.510638
426.783663 166.882533
427.118613 177.010165
427.691063 187.261317
428.029752 197.519020
428.463806 207.808335
429.023663 218.131759
429.403303 228.482271
429.779444 238.799993
430.252534 249.067930
430.616023 259.466610
431.127662 269.879808
437.527806 166.197273
437.893817 176.256568
438.311309 186.491542
438.842390 196.841572
439.233136 207.171382
439.698016 217.401352
440.065726 227.740470
440.499920 238.097692
440.989723 248.422020
441.571618 258.771161
442.030640 269.206359
448.013204 165.484234
448.605719 175.625033
449.025166 185.858220
449.480397 196.142198
450.075824 206.416560
450.497699 216.742386
450.917594 226.977312
451.414033 237.352341
451.823501 247.720683
452.148208 258.051881
452.790394 268.507505
458.883895 164.842892
459.255472 175.035882
459.755271 185.128675
460.205710 195.473377
460.712654 205.714527
461.268176 216.027449
461.713847 226.292417
462.140876 236.633571
462.776185 247.046048
463.140542 257.438162
463.525564 267.792395
469.505750 164.212083
470.046906 174.269607
470.514686 184.516893
471.076266 194.771229
471.576266 205.049013
471.922322 215.288327
472.521806 225.663432
472.945017 235.991310
473.500472 246.363826
474.082575 256.731295
474.455203 267.085957
480.238901 163.457412
480.756276 173.645592
481.386918 183.784235
481.840088 194.123397
482.326657 204.338817
482.778132 214.649818
483.298481 224.909863
483.787045 235.312960
484.349979 245.625140
484.841612 256.048174
485.440525 266.522485
490.988433 162.766269
491.513564 172.989019
492.034984 183.118354
492.502321 193.421878
493.132947 203.731053
493.609442 213.955910
494.106086 224.344351
494.650091 234.580588
495.228039 245.031179
495.695060 255.438445
496.347400 265.874285
501.671797 162.197072
502.197649 172.322318
502.814931 182.409446
503.194437 192.763301
503.857004 203.032325
504.435099 213.333943
504.881241 223.658996
505.586642 233.884471
506.121036 244.316693
506.726780 254.737687
507.272693 265.204692
512.357722 161.594566
512.826749 171.690697
513.540248 181.803987
514.141583 192.086021
514.676748 202.449970
515.309981 212.600809
515.949396 222.923242
516.541144 233.279902
516.968416 243.692190
517.578631 254.023791
518.151804 264.503953
523.007493 161.018410
523.657619 171.173832
524.375050 181.191622
524.955940 191.480297
525.442596 201.762064
526.101034 211.939782
526.625599 222.323371
527.346715 232.581105
527.832493 243.026246
528.500210 253.506256
528.976446 263.869232
533.638751 160.498485
534.315580 170.545276
535.001839 180.504935
535.541122 190.860216
536.261732 201.191265
536.873203 211.353946
537.549661 221.696880
538.226666 231.900885
538.784829 242.331010
539.426282 252.810365
540.014818 263.222051
544.322535 159.966668
545.005302 169.989354
545.756244 180.020284
546.310666 190.304846
547.039739 200.557996
547.667932 210.671649
548.271362 221.014374
549.076840 231.351766
549.603968 241.738319
550.305047 252.183804
550.862930 262.566160
