663.470608 277.802102
652.435882 278.331217
641.382095 279.035874
630.216565 279.537805
619.169990 280.214810
608.127059 280.811999
597.138786 281.502478
586.023118 282.158633
574.955132 282.683159
564.149778 283.387727
553.086961 283.992814
663.681001 288.578139
652.617718 289.182798
641.679831 289.732545
630.412405 290.348662
619.408046 290.899469
608.247144 291.556451
597.189519 292.094477
586.141726 292.776254
575.075528 293.486152
564.176708 294.023611
553.031610 294.716955
663.883907 299.315413
652.818890 299.858995
641.868002 300.463941
630.569823 301.081658
619.571668 301.668149
608.399247 302.270195
597.351880 302.811551
586.211200 303.459505
575.094299 304.010319
564.039265 304.644048
553.019803 305.312080
664.105474 310.189319
653.037048 310.670435
641.875070 311.237846
630.725227 311.830886
619.631595 312.388035
608.527000 312.973011
597.394264 313.587821
586.453811 314.141575
575.203897 314.789825
564.117004 315.381175
553.058808 315.872542
664.249656 320.940035
653.245664 321.480552
642.078831 322.031044
630.848033 322.683691
619.736411 323.146474
608.528859 323.732952
597.504005 324.309237
586.496617 324.898571
575.292404 325.466014
564.223721 326.065990
553.070944 326.655791
664.467559 331.834774
653.267046 332.307775
642.154512 332.890922
630.949258 333.419049
620.014124 334.022969
608.726448 334.537920
597.553195 335.070723
586.448570 335.617356
575.423455 336.171876
564.263298 336.764210
553.082175 337.388438
664.532131 342.745610
653.511452 343.205384
642.347446 343.737563
630.936151 344.270084
620.045853 344.911531
608.840156 345.346686
597.733613 345.896119
586.328457 346.467334
575.277446 347.029234
564.243607 347.530319
553.211436 348.035007
664.718559 353.656323
653.541794 354.193417
642.526147 354.605083
631.101206 355.187344
620.019995 355.737639
608.879514 356.318788
597.751087 356.756003
586.532086 357.257995
575.287392 357.804345
564.175158 358.385091
553.181980 358.833791
665.002245 364.515867
653.572732 365.061108
642.702476 365.640950
631.281346 366.016571
620.138301 366.610811
609.025694 367.131275
597.583064 367.656434
586.590515 368.175474
575.470932 368.640201
564.131229 369.080788
553.118292 369.691294
665.063726 375.643001
653.671098 376.113038
642.744652 376.534157
631.321766 376.969775
620.115796 377.472726
609.167526 378.002224
597.497869 378.605926
586.661161 378.993168
575.423020 379.412504
564.057642 379.930209
553.124184 380.432617
665.236771 386.573847
653.690928 387.021264
642.830276 387.499687
631.347068 387.963207
620.149984 388.446338
609.114066 388.987892
597.686501 389.433432
586.715318 389.912247
575.418503 390.384188
563.993309 390.831281
553.187322 391.232441
665.133175 397.615337
653.712690 398.147534
642.922146 398.582932
631.298424 399.034004
620.144797 399.450363
608.917091 399.988911
597.750871 400.400798
586.920355 400.811535
575.284972 401.320690
564.005597 401.688387
553.086859 402.142136
665.030207 408.689388
653.793800 409.109514
643.044712 409.566144
631.300369 410.052139
620.339466 410.562843
609.118823 410.964343
597.797936 411.407540
586.892753 411.795995
575.353327 412.395061
564.099134 412.633177
553.073842 413.147507
664.995297 419.764199
653.840019 420.183107
642.714072 420.614219
631.319908 421.057569
620.133754 421.545282
609.200269 422.006888
597.759793 422.433029
586.711120 422.879607
575.355828 423.224049
564.436429 423.469643
553.237318 424.046063
