265.455862 397.428949
266.147315 407.578398
266.724752 417.825228
267.307810 428.117815
267.917779 438.510954
268.547881 448.828955
269.223896 459.304548
269.900572 469.625198
270.533252 480.083916
271.217892 490.566444
271.792548 501.140200
276.091343 397.121718
276.666577 407.331283
277.272579 417.509467
277.930269 427.845060
278.594130 438.119812
279.215170 448.499502
279.838596 458.812906
280.497614 469.225699
281.214788 479.572125
281.798486 490.218288
282.511942 500.659099
286.574037 396.865673
287.176406 406.986193
287.765191 417.244818
288.434405 427.511894
289.098853 437.832033
289.755874 448.128937
290.445693 458.503936
291.066188 468.848344
291.715528 479.345273
292.461960 489.745295
293.157133 500.258299
297.044680 396.599906
297.619531 406.712972
298.280083 416.893980
298.939904 427.122687
299.619572 437.371951
300.191026 447.754040
300.920659 458.092141
301.619516 468.477035
302.351252 478.852631
303.047621 489.353481
303.729751 499.772842
307.334902 396.275718
308.061089 406.411282
308.717574 416.528414
309.252224 426.828849
309.982617 437.123424
310.694688 447.402217
311.444246 457.797389
312.161739 467.989317
312.863415 478.432113
313.563354 488.887763
314.172641 499.384804
317.808835 396.010497
318.347834 406.151741
319.028066 416.230034
319.728679 426.470992
320.521784 436.800889
321.180262 447.010570
321.879221 457.348300
322.580758 467.663175
323.381553 478.072472
324.062043 488.472887
324.807127 498.860512
328.077761 395.835419
328.793030 405.859892
329.375974 415.925087
330.100639 426.209500
330.909335 436.526232
331.560259 446.663736
332.361153 457.057067
333.083856 467.208917
333.728080 477.679180
334.482009 488.049600
335.226815 498.463109
338.395649 395.582905
339.053187 405.532839
339.828373 415.656797
340.419106 425.909651
341.250014 436.132613
341.884600 446.393293
342.704541 456.576025
343.418326 466.932652
344.195807 477.238242
344.881322 487.657098
345.744666 498.055969
348.734252 395.341508
349.342063 405.261509
350.040373 415.394199
350.763617 425.595866
351.443071 435.777884
352.295978 446.076057
352.978859 456.282759
353.774266 466.488420
354.600510 476.919341
355.280998 487.212808
356.054692 497.696589
358.951810 395.018227
359.495698 405.018649
360.372414 415.107817
360.930229 425.325679
361.717705 435.464033
362.552321 445.644636
363.293913 455.911353
364.150729 466.177149
364.825628 476.420630
365.612655 486.885994
366.472441 497.184420
369.062118 394.762578
369.711812 404.811401
370.545199 414.899298
371.189842 425.037120
372.001199 435.168135
372.761286 445.382538
373.508106 455.533534
374.415498 465.826877
375.144335 476.120640
375.989710 486.388115
376.798105 496.768716
379.217788 394.598913
379.867780 404.547191
380.758474 414.596267
381.392348 424.767239
382.086099 434.865277
383.017274 445.095634
383.812621 455.162232
384.742855 465.429833
385.374340 475.659867
386.202961 486.083659
387.067950 496.402363
389.269359 394.293066
390.002550 404.279051
390.879675 414.354271
391.629746 424.471728
392.348554 434.547092
393.197014 444.740774
393.912889 454.914467
394.931287 465.130176
395.684574 475.374098
396.501272 485.626953
397.332473 495.974831
399.392936 394.018073
400.048300 404.009736
400.928846 414.053093
401.655662 424.187779
402.473465 434.279639
403.334706 444.387703
404.117669 454.570512
405.019266 464.781726
405.879709 475.018569
406.735264 485.299784
407.645256 495.595102
